1669743
4876916
3235506
3938270
3128855
1625399
4352865
2131474
3941205
1519165
2403873
2793143
4847245
2049336
3994472
2787763
5509332
3305818
2678712
2156092
1507838
4455523
4971793
4908791
1928356
2205202
4175722
5658702
2266815
4620600
2918188
5873690
3710227
4446083
5104876
5985579
5211136
2392106
3148264
4341171
3836340
2204510
2677162
3296854
4526654
1769788
2471087
2239981
4330837
3929093
1173204
1070207
3379160
4931022
4432461
2979875
5528419
5273459
5343410
4607877
1485369
5932661
3147024
4417868
2651993
5093381
4205814
5709275
3166348
4927141
1697881
4436729
3915299
3720776
3861219
4426241
5421647
4121727
4498668
4085469
1019227
2839686
2538465
5017577
1045201
5636541
1409018
4126813
5041601
4770568
5785009
2190696
5649032
3219213
1908318
4629131
3088134
4338863
3383053
4905306
1088400
1983293
1575586
4982818
4751673
1296927
3523250
5472011
1803791
1422053
2248843
2527694
4925705
3784417
4259838
2171356
2156446
5063982
3594852
4375681
2748316
2131134
3105578
4761662
2022428
2628975
5854459
1996332
4116978
3486792
5979146
5872556
4743972
1937579
1765927
1561238
2408451
4774727
3688387
4984043
1276736
3603376
1975155
1855474
4210598
3607144
4237288
1140674
5255971
5019512
4962690
3436237
1466090
2021479
3445165
3567370
3380542
5827236
4468498
3008153
2047229
5949937
1465832
5143907
2622342
5524602
3530229
4886315
4785221
5650261
3188451
1227264
2981255
3786764
4385856
3681875
2302039
5014066
2116214
6003985
5639792
1901974
4834010
5661848
4328585
2376072
2256909
5026644
5676263
3474326
5163059
3727055
2031876
5783142
4964632
1409896
5813086
1026098
5744587
1236164
5243096
5494261
5672681
2256383
4392914
2271507
3121040
3028313
2366229
5173275
2625786
3624686
2941223
2214741
1405867
5539584
1385368
1282159
4693423
1828810
2008108
3999302
3504649
3060938
3131452
1773689
3199015
5634192
4245991
4575636
3077287
5244891
5408231
4847951
1101007
5136983
3974070
1250437
3978651
3753657
4999661
5883619
4744968
1596471
2434012
3697305
5697197
3273976
3528941
1517644
2340351
2773982
3414373
5945572
1865616
1242766
3327401
4254262
1857473
3005314
1146882
5053364
4707346
4526427
2069882
5763099
3072397
3853278
3007894
1754984
5354902
2153758
3278529
5525369
5933747
2493781
1426896
2887578
4147290
4889688
3232516
4812285
5870992
4623902
2167826
4276025
1709390
3097842
4086301
5324721
2700223
5275785
4286676
1386790
4775692
5883353
4125321
5212219
4845702
4942533
3194516
1922378
1808924
4979089
3814303
2292327
5537045
4479852
3739756
2538321
2010544
1933072
5948101
5032260
4616164
4345037
5116929
2509872
4216633
2063616
1308346
5280465
5546559
2370770
1352666
3761862
3620060
1902676
5725780
1969428
4970382
4964916
4837348
2481819
4073102
2392308
2223103
1452943
3543272
3221128
1054748
3513402
2140366
1079308
5788609
6015621
2028041
4521743
1695886
2529021
5408771
5050232
1980412
1081045
1174287
3168934
3330399
5656563
4100275
3783927
1447082
1542587
2899432
2517412
3488840
3066080
4719376
3346142
3845721
2938326
5731829
1405440
3876611
3961148
1034833
4877417
5824424
5906631
4751507
2625762
3339885
4576760
2753142
3428534
5092709
1835116
5972799
2864325
3917637
5206179
2540195
1994602
1360923
5423270
2369904
1442916
1936018
5035887
1357701
4847598
2272451
3671968
3543738
5557313
1671192
2012571
1344004
3057976
2138377
5643327
1830770
2058539
1447250
3537818
5306283
2570251
4553402
2808124
4427516
1193884
3952244
2895058
2456201
1209293
3468930
4208442
1257415
3064588
4054087
1349140
1037790
4548425
3538245
4617100
4399237
4419938
5867526
3562686
1444395
3295150
2020353
3233922
4609407
1553878
1073654
5023616
2587782
2057233
1751782
5225784
1566119
5447052
5542899
3939550
2258409
3165782
4538316
4233526
5247205
2465776
4240797
5542520
5579179
2730097
2549498
4687405
2551477
3731179
2806401
3286123
5510569
2461864
1609183
5870767
2625180
4105413
5457440
4808612
3504135
2899249
5659022
2533452
5368123
2817701
1347465
2171729
3117256
2795400
3699416
2645772
4795771
5642005
4171978
1827546
5972001
5800413
1071550
1159838
5427743
3450525
5928521
2228607
2985125
1677201
1031648
3924006
2379740
4038944
4960548
4050782
5205654
3020076
2174274
2520161
1876979
1965048
2741935
1055316
1286484
4244536
2549571
1399720
4654709
2612211
4360252
2240596
3575897
4560072
2806851
2175485
4318981
3132278
1178690
3774631
1485716
5943678
4977234
3386076
4702520
5263963
3806363
5623101
5433064
3545535
2565623
1347515
5097555
1134347
3246716
4894195
5538859
1717868
1265777
2148534
1566554
4249405
4057955
3960126
4690304
3717092
5032931
1028561
4513789
4802002
5593905
5581697
4004613
3857646
3593659
4087312
4425325
5127571
1381311
4033846
2122968
1179892
1100890
4461296
4798296
5193305
3379945
1298427
2994712
2396646
2465236
1698307
3195505
4610387
2684265
1526371
1988670
5479511
4672241
2470373
1115841
3976475
1951651
2385272
1903762
4680351
2824371
5844097
4096065
3501058
1218094
2636160
5044214
5972982
4393183
2238722
2696134
5920925
4280926
3928389
1584931
2464553
2193666
3598316
1186508
2645232
3966010
4645143
4348702
4367595
5416239
2424002
1192836
1580110
2558572
3947981
5566168
4785110
4276017
1414245
1966217
1418464
2144016
3416045
3536564
2417145
3600892
3410919
5018501
5713331
1467117
1002951
5437155
3873739
4207951
5598723
3196384
4754996
5590330
5072140
2955195
2489112
4658351
1017814
4788023
2520262
3059300
2027690
2515759
5205557
3385353
3969029
4334844
5009601
4477872
3783078
5834969
2994021
1038640
4835869
1318782
1698434
3219415
4919733
3041301
2511466
4683887
1918195
3935096
1612709
4670601
5928281
5800227
1360982
4321066
5031639
5054928
3629787
2385106
4094425
3530808
3134137
3398235
2967387
2298596
3545271
3515476
5368760
1431626
4793819
5160604
3366490
4597292
4815507
2411190
2346786
3306262
5731866
4242679
3321928
4920114
1009474
4120397
2408683
2138009
2439087
5769725
3540726
1007841
4648290
2448496
4856639
1053059
1638027
5815362
3346077
4233286
1510838
3445254
2637506
3488896
1866602
4520997
3140192
3263106
3366403
2971299
5669793
4672148
4436938
2735367
3574825
4139583
3332036
3221907
4146113
4777817
3867523
3008658
2453975
1893476
2335447
1396713
3867979
5551627
5757656
1186676
2535689
1770703
1800512
2193942
3996967
2890798
1362208
1044758
3759445
3978764
3355969
4847813
2257430
5774297
2474332
4752949
2657367
3297847
1211072
3026249
5565959
1961534
5080830
5849243
3449928
5455884
5262512
3243402
4145135
6016391
2475900
4035387
5645522
2949608
5255667
4757033
5963912
5979307
1251384
4724282
2505692
2252084
4044778
2839974
3209547
6000366
1925487
4378584
5127775
5575085
4893901
1822722
3533409
1265490
6017127
3852428
1854840
3497377
1136600
1012087
1919614
1960616
4034146
2409865
3840603
2082399
2817858
5875144
2001795
3250471
3004533
1901662
4472175
5067078
5351040
3924372
1102804
3864135
1567042
1864401
1060524
1049356
2848475
2440426
1096792
2743152
5537099
3005256
4719679
3129156
4188373
5154060
5106153
2848922
2188075
1415970
5750072
3070858
1448141
2131483
2020748
4116176
1869717
5949473
1138530
2304976
3650079
3959389
3816750
4581820
1240691
5988973
4601478
4290591
5844512
4733305
5755694
4615258
2163529
5277242
3235568
3431957
4714518
1788356
2882245
6005053
4215578
4870053
2714669
5782634
1621026
2305249
2485946
1876855
3259996
2343420
5043585
2936463
2012010
4697131
5793534
4111362
4147063
1106969
1123483
2992708
1632932
1950525
4576130
3758918
4285537
2814698
5112801
5003790
3897155
1000900
1842216
3511566
5633175
3648968
3229288
5164763
2894761
5564034
2266066
2049665
3240601
2342696
3675840
1610265
3511485
5915012
3936641
1467605
5584378
2082481
4480793
3972666
4371919
5953701
5101525
1555002
2601243
5252656
5842529
4531821
1077537
6007357
6020989
5706831
5904268
2701288
2065540
3793396
4646133
3531015
1542604
1890796
4524887
1940507
2810003
2018707
2058832
1464654
2541573
1940493
1148397
1704937
2703525
3783667
5529312
5385747
5053869
5552809
3537469
2004543
2103772
2693915
4379020
3631883
5652071
2739769
4529407
3917993
2735148
1322245
4476422
5501296
5545228
5279660
2935008
3208094
2651919
1524514
2270178
5980599
1440012
1115989
4306873
3699007
1313441
4748173
2836106
2436546
4892185
4074961
5231185
4660041
4881808
4951720
4412198
2390288
4528362
2208686
3084706
1385072
3809072
5228702
1419843
3845885
3946912
5973375
3191688
3676436
4570095
3672604
2297020
3746505
1268352
2378539
5999387
4075229
5548382
2435517
5163407
5417244
1106109
4691177
1944645
3219200
1758861
1597174
2732251
3456075
3423656
1507471
1412588
1648811
1519198
4333802
2969833
4486641
5442804
3130830
3481141
1920756
3743942
2843362
4813780
3978098
1541315
5543264
2199057
3501539
3450853
2019978
1934095
4385518
3720258
2664968
3893650
4034264
4197233
3877759
5366017
5217974
2926176
5836158
5127010
4586613
1108556
1983724
5478681
4172908
3189257
3500351
5219536
5361397
2711334
4341115
4458579
4580218
1060606
3030918
5954158
4572308
4210052
2883907
4239657
2263192
3698325
2087246
2877702
2755420
1874402
2564629
2200196
5102707
1841139
5385534
1026651
2283574
1765667
1595543
1622739
1049747
2639918
2439035
3712244
5251954
3098641
3516576
3036694
1137497
3694240
3049390
2760016
3112187
4406902
2068699
5966049
5582500
5772624
1287460
2453597
3835966
5671627
5355663
2927157
2531954
1644559
2811835
3996946
2611558
1679406
5728209
5190106
5648989
2569660
2369440
1012496
5734140
3980852
3560373
1035265
3160809
3759944
3972942
3998490
4490011
3408159
2777689
5735318
5478416
4147289
4297942
5787084
5234378
5573192
3278547
4526533
3068902
3476605
2764719
4741816
2281670
2658171
5890709
3076152
2182290
5900680
1217112
5167092
3316311
1399572
5550873
5712572
5169064
1890041
3148103
5904871
5862763
2111217
3137407
4222929
1332069
1570612
4407777
4486535
5821527
5588383
1722221
5240249
5166719
1907332
3582236
4318684
5584961
3728886
1285669
3261254
1048412
3145030
3844410
3917380
1398217
1029488
1994221
4179369
1033353
6009921
4428954
3293344
5136187
2874219
1397483
4883805
1828069
2037340
5150279
4911295
2279983
4757991
2669708
1801761
2784525
1906550
1453212
3377215
4738913
1723443
5375650
3686426
1135799
3034823
3977858
2198861
4683412
4889602
3005293
3983063
5090934
3288213
1841479
4393705
3915450
2653963
3919271
3743666
1745654
2634146
5487812
5517422
4492265
1812322
3341672
1526943
4619677
5578814
3370098
3002069
4139176
4791711
5736343
1162313
5592972
2502073
4447932
2185060
3957092
2653434
3786474
1658327
5404033
1821212
2344983
2777350
1061389
2694068
1757928
5363303
1975348
6008729
2635387
2867260
2794507
3150962
4903417
3072657
1379204
4924307
2206859
5692867
4949991
4439339
1379390
3813863
4728411
2755550
3973394
2865997
4328331
2588234
5886227
2312206
1711651
1840656
4411354
4981709
5663592
1665732
1745213
1646384
1182842
2571788
5743150
5018167
3392133
1640682
1324547
5437987
5572223
4152662
3959879
1986989
3764811
4125775
1227544
4809681
5412840
3608453
4470357
3731527
4796390
2351209
3092750
2877814
4639828
5961166
2833513
1758579
5718053
2109930
5191878
1352109
1904832
5032596
5832715
1880358
1001399
4149959
4162868
5694370
3954656
2495956
1882482
1727170
4357504
3070225
4823270
3152030
1923396
5550322
2962559
4578427
1576832
2034467
4026884
3962246
2215292
3865077
1269496
2908118
3202268
3485698
2769156
2597310
3701885
2278429
1448543
4880378
2708058
1145296
5596161
1924016
5549911
4108073
4080115
3776526
4422122
1889154
3252938
2213699
4102354
2937609
3891936
3555490
4775180
5151284
3912496
5950228
2871922
3643491
2067795
3142012
4170229
5492746
5104950
4915275
2016384
3847600
3369423
4295083
4499482
4145686
2190214
2768274
5051691
5615478
5373067
5232865
5474076
5375561
1154432
3308999
4313069
2719768
1565841
2155006
3320983
3265227
5390200
5536572
2189827
3374078
2882299
1719534
1883643
1101681
1412973
3295923
5903573
2672513
2304413
3452305
2492328
3635399
4078712
5025634
5122591
3170647
4624480
1400702
5840668
1587113
1921001
4083404
5455310
4136810
1716339
4120424
1622142
2759599
3931150
1494575
4271119
1043361
4200508
2640241
5191162
5472920
3527509
2959917
2091453
3767311
1819521
5457890
3257855
2450229
1483373
1134329
5818921
5673612
3576485
2447802
5722722
1590618
4655196
1671680
2339866
1000125
1907197
4451730
4657741
4220095
2593581
1343644
3992155
5530104
5489688
2131422
4864731
1557349
5386369
3760172
2222449
3192235
4342176
2710463
1655586
3253377
4186531
3185074
4604550
1902087
3090019
5308211
4970573
4986651
3034208
3116189
1502524
2865618
3688335
2522306
4770433
2511236
4873827
2431717
2844574
4317661
5916101
2164342
2394011
4035174
2081951
2515073
2532763
3247899
1986792
4318088
1677655
2086612
3093048
1134719
4989056
5850640
2207150
3208145
2900501
1986671
3928204
2676216
4781505
4308597
3267129
3701536
3172869
5029555
5206321
2009532
2094919
2985851
2224508
3911187
2116696
2674802
4090477
5747123
1592466
4712582
5166081
3598275
5386759
5075824
5780336
3986401
4900134
1656370
5943515
1240533
4516417
2197273
5625689
1768321
4282842
3065979
4245033
2096544
2470874
4555653
5589537
1430930
3140875
1989732
5445956
3460659
2534801
1028346
4570794
5506783
5929154
3700483
3405565
2757716
5763151
6004857
3156882
3199574
4519210
1486870
2412492
4382984
2780758
1199037
3881277
1410873
5256625
1073533
5429101
2925651
3087585
4847800
5505276
3976662
2284752
4312138
4807735
4971081
5338109
4268043
2643554
2116476
2316095
5715313
3842563
3772589
1454479
1099878
1216202
5760547
3697254
4096391
4417684
1919237
2658573
5142800
2909574
4887265
2986623
5187745
2299309
4008225
4928849
5211729
5929487
4986552
5828253
5851251
4555214
1055531
3243488
3670201
2046359
2101207
4289567
5377416
2627194
5548127
2919085
5379479
2186863
4899762
5942637
2206816
4596494
2536625
3084917
5733285
1420912
5509993
5119662
1893938
2290002
4013372
3091596
4104806
2882813
5736736
2432535
4977514
2973457
1194549
5370772
5588712
5481436
5305151
5067971
2238965
1774425
5945873
3008636
4346827
4155913
1999617
1201479
1531784
1013352
5321689
3486990
5789820
2450589
5169561
4002072
2448846
2056736
2252073
1752427
5185095
1135278
5017628
4477171
5961368
5546038
5882050
5950416
3657461
2778155
2166708
3493026
4857508
2961336
4518591
3547166
2716316
4843252
5334286
3559941
1168006
2763542
1823843
3566307
2706609
1054619
5616627
1747152
2262978
5149422
5642212
3930988
3291545
3081420
5450443
4179326
3600442
1299942
5328156
4939329
2051086
3004427
4798455
4652168
4075458
2115167
4418420
2717590
1906835
5655463
4625172
5369892
3523445
3946339
4978723
2360349
4058115
4388710
3074753
1543760
2331251
5362087
2100058
5842252
4991680
3757079
3182874
4169634
5840511
5317747
4017593
4763733
4603193
1889684
4789655
3073447
2413369
5812902
4698827
4209594
4803147
2325471
3319874
4398396
2530714
1512602
5308872
1563213
4631625
3638047
3472578
1183608
2071836
4598055
2968137
4762056
4101861
4776698
4324168
2374844
5205549
4574881
2048701
3367638
2349861
3034911
4895479
2621131
1076424
5270267
2483351
4425928
1001544
1832619
2225423
3615950
1179271
1983848
4334957
4363423
4626944
2045396
3770359
3972894
1520489
5507865
4365152
1037564
4492684
1875228
4034481
2369402
5210146
4165425
5196538
4824384
5136936
5709127
2321390
4506445
3821253
3334429
3802706
4051753
2696229
4112865
1632264
2960163
1043455
2947604
3958379
2031333
2517443
3118295
1158900
1060100
4966619
4341769
5981124
3181142
3971406
1102094
4487655
5393518
6000305
4570240
3092990
4972134
3108764
2994478
2398439
3942861
4677506
4094911
1846268
3341299
3328610
4723185
3105750
2114338
3394957
5827523
5229256
4688455
5010982
2127372
4929201
1279380
2144445
3842839
2436694
1182800
2740999
2995360
4419705
3067727
2136108
3744099
2780312
5619937
2317669
5876436
5773190
3872502
5999158
2883251
3783551
2069020
3169783
5662356
1742032
2380548
3758349
5036543
4229913
5892868
3318706
4986972
3533417
4119000
2805637
4622361
5149972
3734649
2476152
4262759
1160568
2571363
2809182
2064803
5751790
3648339
3818853
1972454
4781341
4910426
4872906
3343104
2849274
1029803
2286995
1042793
2615312
4638454
2422589
1608835
5624196
3521295
4800011
5047835
1274683
4582610
4184441
3815917
1034178
1769987
3527670
4004143
5146255
2646533
4196710
5727098
1131493
3241781
3215220
5742230
3460623
1708867
5205439
1215714
4223229
1129851
4029479
2225260
2879426
5255594
4364913
2665658
3496348
4427405
1904515
2621691
5558736
4452226
3358784
5935803
4483780
3567321
1694532
1260790
1369520
4497034
3015013
5923960
3232274
2919286
2368163
5443734
1557703
1782403
2165870
4828635
3376201
4074490
5629796
5054612
1345708
2758722
3604133
5528435
1998298
1996363
1909892
1052992
3715382
1663096
5652039
5798504
2797617
3503778
3690709
1775403
1601483
2042758
4014728
2018278
4520390
4770097
2200797
5977886
2345113
4850835
3312286
5232542
5785518
2341321
5997673
5531761
4766017
3308907
3339223
5476648
2364372
2968333
5316226
4970139
3948025
1476199
1123458
5225344
3772354
4537955
1440830
5879496
2803032
5873652
4622062
2222964
3893762
1534473
5913166
5225249
4533630
3732136
5596898
2462471
3574228
5644410
1196869
1497809
5261363
1959688
5777955
2493437
3822985
2536166
1645437
2194151
2592377
1032777
4162096
5114081
1937165
4992446
1514193
3346620
1731874
2901653
5659036
4732805
5809692
5284491
5657123
2578211
5270164
2738409
5773630
5028607
6021657
4513349
3484879
1403653
4885386
2408140
3577273
5490008
2918140
3052872
4415767
2579823
2375078
1930371
1172867
5190600
3938221
5572558
2232151
4729855
4314393
2769411
1932868
3924012
4482446
5081525
1970087
3998378
1707144
1400796
3269826
2490488
2688084
1788387
5250460
2930584
3868033
3045713
5318790
3645533
2812605
2061637
5086398
3215580
1280438
1026589
5739332
4957387
5896509
2812708
4303046
2685587
2115659
5146941
5169618
5308382
4242833
5822270
5203792
5623896
5936596
5865392
3006994
3174048
3157930
4655962
3695664
3326598
5863777
5396241
4003843
1147982
4771351
5067728
4999914
3907094
4672352
3107217
3687918
5654535
5109190
3764799
3991675
3102926
5660557
1053178
1668701
5484129
1597393
3544435
1116765
5449652
3708598
5049105
1977951
5490604
3127455
2174466
2786721
2796249
5127724
3154770
3226781
3243904
1803565
5072451
3148980
2551362
5187707
3424376
3263120
4038292
4864037
3012046
4660332
3477800
4748200
5715326
1911666
3705965
5745898
1749532
5570937
1926469
4375825
5568582
4135289
1600403
2367872
2181762
5008475
5852242
2298459
3687790
5654604
1471486
6019904
2257416
1190649
5683747
5223044
5335532
4336306
1510173
2233928
5312222
1076936
2351408
5411001
3510447
5264402
1504629
4792640
1232131
2283039
5797572
2048744
1531286
4743391
2473530
2786311
3342659
2427105
2972630
5948018
3482380
4869439
3078037
2630274
5380897
3992380
5065784
4615121
1772976
2133057
1382872
2074109
5271810
4447948
3685599
2876893
3386359
2066258
4518983
1858310
1869834
4428829
4752091
1279685
4459062
2005838
4999238
4676782
5780374
2308197
1923504
1603086
4922241
3082444
4943338
3822693
2151102
3558346
5432890
1870300
5771332
5171112
2562668
4818158
5098099
5084244
2691881
4004106
2081207
5436661
2802946
5191353
4669490
4227029
1706940
2147061
3243087
2012314
2113423
3597204
5934810
2154455
5252162
4950795
4403445
3986969
2001757
5829034
4451576
3776257
4379664
2262837
5210963
1538019
1905492
5928774
5061872
2948826
1962179
2645807
1858383
5762771
5291676
3291493
6009856
3091007
5442750
3092946
3084572
5411982
3581720
3451808
3222557
5521405
3638438
5571275
5723631
2528384
2996279
4913178
4901324
5144080
2861761
1017155
1758638
2576855
2671349
2736383
4488110
2826760
3701770
4900436
4872024
2146239
5410329
5479643
3353114
5671750
2575553
2205455
4072344
4662856
3313398
1893877
4304169
2449241
1726997
5248384
2201689
2060313
4799735
3661033
5966033
3347734
2415384
3947154
4716415
4533146
1600853
5503092
2286610
3964248
4860966
3208989
4504500
4443990
4051155
2024593
4247982
2017983
1960963
5004583
1002754
5081467
5770723
3128466
5283624
4062168
1825353
1594518
1269093
3269869
3077539
2403917
5014005
5293236
2195776
4750538
2253089
3330167
3012791
4096590
4121309
1914408
2784621
2764940
2772574
1942709
5041258
5971092
4536258
3554664
3183070
3445861
3797950
4301200
5428186
1142833
2713820
4023842
2214066
3847642
3232601
5744593
4768130
1603288
5419661
5819221
5735182
3558148
4484445
5285765
4577381
5423183
4781437
2886440
1794805
5825126
5835980
2078066
1029255
5534739
3345279
3883705
5208371
1351017
5281994
2043545
1699433
5840317
3149055
3366621
1578912
2339033
1305896
3307758
4116536
5425846
5943314
1732077
3151159
1907821
3279946
1902056
3916238
4328042
4901027
3325848
4524443
1306590
4248798
4223808
3847308
4210418
2730568
4281345
3377556
1904527
2319860
5191937
5696406
4553803
1038122
2410444
5449421
3746828
4921529
5947056
2565345
4066760
5334513
3400639
3042918
4882953
2110246
5119424
4793661
3576080
2348991
4262128
2775257
5728000
2013348
3107225
5101452
1519861
2758783
4562257
3674208
1979689
4839400
1583629
5219176
2885836
4031290
5292187
1611400
1882973
4922955
5531213
4768470
3641733
1144978
2067303
4319736
4267825
4517923
3150636
4699834
1127381
5758374
1183073
3409442
3092718
3057593
1797953
3601526
5411648
3773143
4883361
3203968
3468916
4334398
4095018
5457056
2658645
4976037
4578562
3781024
4823335
5037999
3293037
4310007
6017275
5033612
2820528
4632532
2411616
5132125
2274793
4645891
1588756
1654772
1208197
5988553
3283808
5002016
3614129
3532479
1788221
3621465
3301787
5258036
3023106
4529030
5206724
2678706
3812935
2855206
5937712
3140663
5197451
2202178
3361102
4285883
2671950
5523408
5668794
3468192
2263001
3395939
2378179
4796692
4774309
5898113
2720817
5593143
2503842
1666127
5249336
4522405
4124654
4685317
4180432
1323160
3088567
3723297
5807621
4425643
5428162
4543951
3467424
2213127
3798122
2763898
3471984
2516796
1810430
2569371
3751831
2498215
1895440
4641445
2009268
3996199
5467658
1091845
4407621
5604938
5551360
4902713
1263078
4108723
2908745
4152397
1642539
4636805
4209939
2326863
3739787
1019426
4388609
5510784
1169700
1316773
1280268
5451248
3537271
3238790
4913849
5411150
5306429
3314490
1449501
2646557
5179520
2559384
2788322
4584305
2301224
3638029
5051586
3443268
5603701
5084386
3201464
4444568
3859010
5015538
5276602
3331877
2937464
4274219
1267700
4260543
3418484
4849551
5338117
4092124
2094753
4352249
3353038
1170903
1547076
1374388
4375423
3720530
1709795
5126167
2144895
2723373
5705786
5594981
1852898
1097904
2444353
5918273
3864591
5512514
4414625
3032413
3140001
1763237
4568322
2368390
2014274
5203946
2461300
5765103
3830047
3310306
5298085
1181481
4351362
2188968
5135990
3078898
1080255
4170474
3092967
2399338
4284437
1313669
3372224
2979663
1717298
3168088
1685425
4106295
1107869
5254091
5324223
1827391
1578660
5541348
3642437
4331497
1119143
1905089
4158569
4952559
4011522
2694859
1315215
5099273
1317521
5253285
3508057
3956305
2701033
3781371
2252160
4328384
3872416
5191748
2683272
1496831
1354712
1125674
2301713
2875067
1443311
1847939
4532772
1659029
1350994
1013241
5294637
2089278
3236226
5203841
1209179
3662133
3969580
2990754
2141192
3245174
5909433
5778115
1871919
5646049
3225222
3852522
3248499
2028197
5429525
3454464
2468861
2318967
1355989
5509004
1829720
2758105
4527393
3390282
3073559
2860486
5091227
5693733
4834256
1970379
5541796
4199197
3745236
5252149
3978229
4015320
3115666
5446444
1242387
2017765
1484393
2313108
5375692
5973460
5579293
2454276
2138914
4450335
4035729
5060388
3752447
3609650
4326742
2208193
1484270
5389697
5688763
2980701
2065228
2343778
3251287
5460966
5958806
5312274
4190375
2145673
1234416
2778956
3746267
2210192
1944127
1500860
5859288
2054801
5369535
2143302
2812125
4907593
2392854
4772313
3286939
5022097
1030940
3521526
4295880
5824686
3422525
4130932
2128681
4058742
3860549
5824765
4673453
4955543
3676410
5518883
3026037
1484534
5053565
3657606
4109672
1527843
3152059
4198022
2703509
4821894
4174915
3123865
1537092
2418106
1432859
1906238
1226179
5723934
4947612
2921703
3442339
2043934
5650763
1398822
2645248
1380503
4102247
1021717
4655451
4914149
4811982
4369943
5772495
4129301
3052171
2925546
3162138
1899896
5586583
1697920
3362981
2502782
2019039
4674630
4464755
1198196
2733565
1648150
4043686
3347566
3456943
1067190
1633611
3014781
3132632
4453894
5994306
3246251
4061068
3352187
1434815
1723661
2180715
1599499
2380381
3521161
1496358
5379224
2720482
5581244
2343856
1329266
4188000
1428771
3375774
4087758
2463277
1148686
5203328
4134210
3781881
2759843
4534889
1791949
3249185
5538823
1126116
1656010
3376752
3766937
3536789
2649059
2742449
1825396
4597862
4682122
4189712
5778382
4076714
2092936
3157044
4284290
3145218
1216805
3014252
1831455
1037244
3584518
4140321
5162697
1412540
4832453
1307699
2630121
1352894
4277956
1956108
5630532
1739024
2176810
2936432
5874975
1797165
1716327
4637143
2120631
5880034
3125959
3826617
1108400
2709380
1306181
3474313
5278839
5744892
4341139
5381080
5647891
5107538
2740300
1326846
3301638
2118334
4601873
2282923
2314181
3621863
4793377
5061607
5456328
4171558
3487846
1128173
5905016
2409731
4179031
4769779
2508006
1707050
3943954
1889507
1574675
1899018
2904210
5155571
5827274
4022251
3380500
1357177
5946615
5135627
4790761
1900639
2998134
2440215
3191747
5868256
2580478
2667005
5866343
4770899
3950593
4856989
1706305
2695018
5888183
2221041
1173692
1686670
5365800
2602234
3617843
4905234
4107783
5003386
4289694
1459620
4770520
3453033
2621761
4763163
4761657
2135333
1495733
2346561
5044387
1093515
5538043
1881990
1616745
2939672
5852184
2874571
4038059
3035853
1570077
5332049
5456615
1726795
4925747
2288280
3976591
4210672
4837702
4519776
5595215
3325678
2246796
5634001
5397776
2414566
2200188
3740387
4256082
5841618
4526184
4707692
2955473
2811592
4462186
5919553
3943296
3547570
5966057
4171259
3485873
2290053
1895035
1652529
5863525
4104820
4213654
3010666
5006597
2142018
4756613
3596038
3485909
3275120
1012488
3287047
4542864
2682422
4051796
5839108
2859394
3483022
4925476
4444457
5432440
5420788
5074953
2252945
1024911
5565001
5163250
2703378
4538127
1668225
4235385
3967190
2303875
1868268
4402333
1518954
1756203
4400593
5880291
5209334
1552888
1375076
2584046
5692019
2351585
4964982
2406207
1861013
5431411
3618412
2084639
2352960
1291020
2144023
4866250
4135734
2059870
3039453
1588861
3734765
4797274
3901264
3947599
1728062
6003635
3291419
2791579
3071255
5418319
1511678
3058450
5408606
2323051
5780383
1058087
1524343
1604281
4266884
1105796
3606081
1477889
1370556
5047887
1276105
1003251
5756536
4889766
5379115
3678390
2992942
3508455
1001948
1154784
1177332
2054949
4972552
1558766
1228660
2705603
4256895
4669467
4612351
5817154
1129894
5055618
3262266
1577932
4360063
3643750
2776871
5118582
2614551
4534676
1417326
4755278
2589191
5945138
3440298
2775500
5406614
5081670
5564719
4234953
1757461
1374780
2247893
5439008
2207632
3568249
3237136
5734949
5444342
1309890
1646744
2746447
3633809
3014080
4270903
4864463
5085881
1341255
3527285
2576582
5379908
4741068
1043954
3276195
3350026
2757300
3799238
2006010
2153312
2317738
4794686
4330223
4996111
4198287
3573629
5038570
2755914
3983860
3072649
3649047
2186832
1710050
2549293
4719292
3634277
4913082
2132366
4812621
4981717
3297805
1029035
4490108
1520446
5370624
5827405
3823888
2575430
4573247
2496708
5582480
4944825
5652311
2478526
5863896
5037294
1774409
4851568
3244623
2066776
4314938
2537085
2822966
4508851
5719514
2939869
2981488
5792592
4363596
4692231
1099473
2704995
5031671
4356770
1889868
5988540
4443967
2702763
1119738
5188657
2306206
5790956
3162917
3837558
1576074
3978181
3905225
3303143
3825690
3452329
3517543
3863017
3291684
2034101
1465465
1172846
4696747
3320936
1293567
3642341
5800892
4337773
2381862
1728288
3623238
1478144
3367940
2905437
3607403
1931962
2629699
3484955
3890615
3094730
5670768
1599445
3569755
4530730
3944722
4923297
3846954
1755466
5687665
4419877
1800624
3042992
1827134
3903313
5722343
1364438
2828415
4563801
2142285
4434117
5372369
1646000
4666553
1899467
4367533
5637223
3661253
6007349
3922008
5665284
4575962
1553937
5439641
4257957
2770687
5674067
1407070
5268479
3325571
1007750
4073636
1587928
5325677
4271475
4061830
3070373
4029316
2774556
3361995
3195437
3746566
1958518
2297043
5167621
3070209
4406638
3991486
1096094
1834494
2122920
4359810
4366221
2867007
3011307
5047377
3662396
1257977
2603419
1056638
3640142
3008844
2167245
4830615
4215051
1881841
4424922
4733756
1532564
4142167
1033504
1839814
2104491
4142189
4230178
1147930
1281376
5145836
5058012
4997950
2761843
3202334
5063811
1364548
3410348
5408142
4594061
4143675
5811266
4198083
1931102
3824801
3171980
5989668
5066066
4658977
3664797
3546161
1232761
5641521
2693421
1460591
3245335
2590155
1310479
4235875
4604592
1230158
1209235
2650342
5783575
3676552
5622261
4522121
5226704
5415934
4085413
3601432
1565199
5352610
2967938
2140165
2853719
3214784
4175758
1863809
1644274
3136091
5322059
2230743
3755568
2908923
3380448
2436065
4512407
4613647
3437165
4007247
2304818
4880614
4100076
4830328
2910922
4420200
1823631
2100370
2415810
5107407
3421192
2146519
4710749
3707556
2267350
5070862
5034565
4039244
3862602
4713662
1546065
5952917
6016590
2545286
5607778
4437471
5253840
3758876
1729953
5131017
4637106
5779911
4992840
1255623
4023492
2119943
3556134
1222734
1950888
5634648
2322437
4602530
1220077
5781792
2823483
2073007
3826625
4239649
5218570
3273805
1730550
3936455
4047615
3487269
4247281
5511403
5885282
4819289
4682627
4888437
3008713
4659132
2807466
2367986
1671072
1378595
4358152
5217300
5692427
2545555
1725935
1826995
5712152
4014034
3847061
4642081
4069390
2614165
4046093
5116137
1094969
3906439
1985501
2418349
5064805
2697933
2398846
2889023
4250564
1674552
4903500
1116608
3878707
1975325
3958226
5484044
2650135
4835038
3163568
1661050
1854871
4062201
4260042
1968234
2544677
1945603
2611002
2125123
2853414
4508132
1648758
1852020
3770636
1505021
4007030
3861973
1238276
3843780
1587348
5900609
2242103
4812381
5981866
2188149
4669580
2130066
2582539
3219803
5979706
3535923
5581106
3523483
2208031
2214378
3927365
4006755
4685197
2932886
1900136
4273401
1325772
4881292
3727225
2224213
5600711
1077263
4148820
2820641
1658340
5802112
4114871
2902423
1368873
1528566
3437318
4247758
3483416
2537975
1823536
1497678
2041802
1027933
2702834
2918316
5938371
1818015
2393849
1233733
5747735
1132573
4459008
2234601
5760025
5184298
5814192
3423881
2419016
4513168
2960926
3156513
5228126
4768329
4101414
1253022
3797669
3074771
3064219
4856335
2388443
2035944
5133890
1078944
5721802
5484824
4891664
5282358
5371508
3912654
2349414
5358299
1908902
4313232
4311492
3496524
5997522
5047547
1129997
5694416
3634733
5821194
3117973
3947039
1770642
4927331
2140728
5784466
2797811
5054919
2057006
4577101
4952565
3056106
3176427
4260822
2611981
3515967
3616133
5362595
1588078
2556088
4395654
2325019
1926954
5943194
3141752
1572921
4977982
5564350
5953568
3695432
2721951
1751974
5789978
2473067
4652477
5419048
5187617
4027074
4303210
5278285
5405301
2499198
4685919
5771715
3619639
3304510
1607770
4386217
5918348
2188504
1201801
3750708
2755860
6012095
2206569
2120039
5860493
2907864
2734919
2576418
4463704
3296950
1074146
3140609
4574780
3723213
1771780
5874463
2054713
2802705
4273605
5464911
1836707
2014492
1750578
5098314
3987038
2683950
4717454
2930102
3546555
3019250
5540355
5034516
4895755
2461591
5748231
5946387
2980449
5700883
1290442
4184789
2985064
5180330
2220355
5522307
4692956
3564668
4135887
4451662
4521544
3200034
4455450
1293944
5734713
2791690
3366206
4940107
3810246
1067572
5364634
3856802
1293849
2321942
2373871
5052798
1410345
5168562
2077676
4800693
4421151
4994972
3220094
4190820
4738389
1049804
3125105
3583300
5436048
4307321
1939515
5718071
5860673
4168740
4113076
3310044
2454579
2873629
3080897
1678199
1213504
3032751
4149521
5282831
5038707
5767496
4592514
4422094
5044328
1936268
2290259
1107601
2230399
5237920
1928615
5188313
2055988
3271181
5796539
2985879
4323460
2643608
4727105
4767284
3196486
2464515
2991203
5208388
1263793
4443174
2777953
2634665
5719680
5410130
5184812
3724917
5204810
5990005
2649422
2725983
1955905
5339440
1462232
2192035
5032527
3215446
4566191
6008967
1807880
3466543
1923327
3361872
2287422
4701077
1055610
4487929
3655090
3603391
3599448
3647358
5407646
2665699
3942689
5836578
2953375
3532153
3883718
3069413
5283209
1986729
5547401
3594595
1254955
3895776
2991304
4395427
1231633
4381393
1875074
2034438
4653082
5056190
1873572
5083673
4886656
3345369
2684324
1429848
5530836
3507565
5755250
2752527
3402060
5901752
5610860
3776859
2896038
2502657
5085302
5322410
2695580
5739727
1617898
4675804
4136486
5952980
1500778
5942126
5043506
4392203
4691520
4093034
5034466
1498301
1135514
3424972
5484799
2091471
4261890
4029755
5352323
5272796
3116478
5219806
3080114
2067629
2202181
4570556
1356723
5575664
5752859
3470184
1975461
1303953
4929947
2591303
5437317
3656468
2714790
3293020
4335034
1745440
4092751
2577913
2991734
3271458
3955451
4527145
2624740
4783654
2525577
1463189
5435897
5976275
4121363
2571142
1056392
2889895
2147143
3094591
3342706
1464035
2867775
3931234
1367261
5756599
5773873
4345006
4027571
5979743
1579888
5811944
3999709
2029681
6006253
1185263
2374573
1935865
3346814
4557177
5395814
4499678
1163429
3107449
5315013
4836566
1875678
1014416
2142580
1695474
3319543
4965362
1081179
3439235
3677962
3697603
5932080
1117462
5582068
5305498
5909883
1427392
1285746
3061798
1557120
3287888
5955411
2082374
3058516
2945150
4629379
3779038
3535001
3430504
2119261
4915451
3595022
4968661
4959065
1921722
5060628
5910619
1595836
2584530
5302225
2054115
3474554
1187110
3702674
2631009
4627316
5221658
2571739
4038354
1749517
1073803
5130170
2940407
2931182
2807559
1037929
2995393
4148191
4961483
4571865
3063472
6011186
4898060
2049963
1749840
1936029
5309784
3124421
5566992
1559828
3602626
5283042
4161699
5038916
5129713
2854372
4608112
3211881
1841188
3859809
4170407
4915801
3482771
4221037
4332906
2359473
4307010
4538801
2957292
1476653
4483577
1197472
1985963
2275609
1916527
4679854
2936372
4008248
3468783
4614321
3937272
3189882
1638053
5090071
5260355
2442626
5876901
5987865
5279431
4175150
1433188
1505909
3461841
5115129
4051643
5578126
3751152
5271055
1208612
4286200
3056143
3957563
3087506
1802355
5555566
4900849
3149209
5412438
1530086
4674884
3883903
4064396
4811736
1780159
2327768
2611507
2118403
5917470
5835665
1233346
3532365
4890497
5012262
1624650
5036069
4770217
3523422
5521067
1777054
2879296
3247209
5417905
5678044
5082710
2760503
5260686
3510565
1554098
4722229
4625018
2031613
5335467
2895681
3733547
3215237
2145770
2943161
2669650
1890113
2290558
1378173
1772497
4365925
2169902
5044990
5018478
3343069
5959337
1629763
4064748
1757870
1184921
5970448
1683930
5277019
4430550
2989479
5000479
4595195
1891795
2624821
5382338
1198645
3915405
3532755
4391064
4156138
3557844
4321896
1549557
1519350
4866458
4156706
1046388
1079477
6022351
4805262
4288061
4302633
2657117
2405553
5810438
2516142
2742000
1755994
1881877
5204822
4565082
1039781
5982388
4193563
3669771
2464527
2834760
3687891
3869646
3347412
3792532
3921186
3470562
4982497
3350263
3684474
3565955
4079457
4818639
4679600
4734823
1999824
3369179
5102521
2136388
1280452
1589556
5234839
3226914
2642052
4873489
4210530
1213541
5488529
4372810
1503711
3934589
4005968
4335198
3570094
5056501
4274423
3726695
4518716
5530013
5412206
3265240
3709922
3810203
5194555
2694233
5330244
4634082
5661423
5189003
1956195
3729106
5034429
3100979
4883604
1647369
5554530
2998857
1888385
2256481
2178998
1003119
1750967
4509941
2530507
4555967
5892282
1748431
2608807
3843878
4919444
3642377
4649221
5010281
1766150
5652934
1919563
5018706
5160033
3364593
4043326
3018477
3524912
5378448
4116053
2395323
1711030
5305678
3042120
5691294
3658915
3295514
4900250
3357540
3186405
1497863
5715910
4624597
4617987
4167915
1264161
5591652
2033323
2960647
4446151
3051419
1306082
3908357
5325271
1395108
3624160
1005462
4345208
3502989
5438996
5849853
3104616
5228284
5643619
2386717
5500002
2827614
5783197
3697130
3067919
2878329
4595635
3917928
1794593
2391898
3509915
4686629
2492696
1345762
2694773
2636187
1749614
2193762
3324255
3000031
5635876
1812980
4323522
1384735
2346942
4866972
2059325
6007272
3069976
5982261
1762628
1759271
4605225
5225664
5703114
1608341
4074580
3666192
4244002
1365266
2671168
3599500
3807048
5765374
5043104
5651196
4982829
3375337
3908767
4994589
5874085
5397813
5862108
4120073
1298803
4018429
1538557
2849791
3515454
3960637
5717566
3545253
5016071
5827418
5291242
5627975
2882855
3957815
5048714
3566706
5398111
4710117
1231424
2595761
5069502
5568842
3122076
3265805
3485544
4571463
3980595
3782202
3673366
5164943
5351522
5720664
2958520
2335842
3452470
2973585
5056264
4597229
4487669
4768793
3430878
1565214
4934716
2640444
2269482
2669241
4885947
3365500
4644570
2099645
4431624
4012451
1173894
5195802
3518589
2338971
2388017
3942927
1906080
5525633
3284195
2186596
4549188
3455613
3885439
3751980
1497711
4296274
3396745
2395171
3166461
1895586
3461107
4282559
1087559
4282897
1029562
1402290
1738489
2704076
5366289
1058173
4769991
5210884
1941805
2154426
5126572
3435865
4354220
5427948
5611858
4063407
5118492
4953759
1358901
4287079
1983459
4087923
3698155
3300398
3072369
1571109
3028649
2295123
3630468
5260649
4406116
3482317
4444883
4673242
2794039
5508634
4621371
5523772
5228142
4598069
4368840
3655754
3057240
5677765
5289774
6020270
4224195
2931927
5275706
2078621
2472251
3889212
5265219
1959454
3225207
1186213
2611088
4577452
2096478
3382118
5998246
5941384
1414283
1990010
5863005
5564603
3130784
2789845
5732075
1519276
4649174
1560274
4836547
5873940
2760972
1698831
5154035
1508101
4772591
5133867
1878610
5655555
1826102
4452890
4766252
3916505
4513106
5993604
2242167
3266043
2559248
5308844
2416691
2111263
1971863
3411303
4119495
3708038
3415131
4658379
1107582
5277402
1023305
4700475
5271104
1861449
3774027
2100553
4756703
3608557
2290039
3515804
3867598
2603770
4005327
1640665
4834634
4411250
4737700
4688469
1033717
5341037
3741411
5480212
5531019
2889030
4833894
4778286
3573733
2473090
5169900
4982751
3059662
1554483
1781783
1529750
2487486
2689170
3449870
5286919
1417798
5567215
5080448
4414707
2390111
1459956
3896437
2602118
4396711
4149736
1161676
1939775
3967909
1668772
1898628
2366857
4887510
4349825
1525642
4239759
5300397
2297569
1987562
1466559
5704685
2237910
4233409
4970091
5603520
3169118
5977503
4315554
3577348
5135335
3868442
4008807
4050649
3015512
2844096
3443144
3843504
4810646
4085049
3721887
1679341
1986393
5976211
3128565
4763926
1319258
5008342
3909849
5301511
4963866
2022002
3823381
5410414
3427947
4211734
1091744
4379569
4975528
5637673
5572934
4449777
5879549
2426830
5353975
3360780
5610080
3731931
1965893
5565758
5849018
1257440
3262862
3453111
3428627
2374382
1356294
3318980
2606153
1241459
2974476
1965970
5597648
2538596
4633780
5613502
4469643
2551168
3013424
4362004
5859850
5624699
4602089
3112313
5519399
6020534
1081711
4407047
2325297
2482346
3909023
1757332
3745800
3499824
4500201
2152714
4636239
4397399
5520083
3582826
3532140
5370810
3520288
2847514
3295105
4767273
3568417
1513781
3037365
4468151
1644754
4217675
4611424
2546614
5047267
1413740
3737067
4814134
3946541
5706948
4856581
3950455
2081530
4376754
2050096
2054330
1288017
4188512
1607583
1563488
2190718
4442778
5659540
1855849
4883215
4296530
5887738
3646809
1341595
5816186
5720830
1915654
3362583
1772288
3364111
4609458
3507951
1012691
3330909
3277599
4995324
4737573
3263357
1992167
4344095
1246647
5328759
2125690
4387662
1429571
4030418
3120436
1317799
1223476
2779502
2076094
1061900
2072332
5861008
3429032
4074532
1050253
5976726
4080153
1077543
3922062
4445941
1621462
1948527
2130206
1080439
2392185
2160595
4938604
5173995
3550905
1750946
1643077
2861056
3904970
4584159
2592246
1405213
2489244
3857254
4656165
5803567
5323626
3121714
4648518
5744954
2023783
3177581
2208251
3356374
2945648
2475241
3433337
5994663
2373815
3357931
6007669
4630291
5566333
5021960
3612421
1330999
4494519
4834099
5489750
2853603
5823063
4573849
4274596
5774562
2498049
2620585
4108591
5901201
5749984
2824763
4216716
5589964
1043111
1445340
2018072
2840171
3137546
2570922
2568403
1626199
3043972
1358849
2745863
2606755
1074264
2732974
4665269
3874447
1274713
5820297
2945923
5257597
4590865
3977433
3470242
2465418
2974393
4974176
2875530
3908137
2827403
3786886
1412724
2247505
5134785
3061662
2836703
5964376
